Vole mode: 
mSparseSize/n = 1.22198
e =1.22198

i: 0, mRows[i][mWeight-1]: 7179
