Vole mode: 
mSparseSize/n = 1.22099
e =1.22099

i: 0, mRows[i][mWeight-1]: 5181
